_viz_0 = nengo_gui.components.Slider(stim_target)
_viz_config[_viz_0].label_visible = True
_viz_config[_viz_0].width = 0.08992404725554552
_viz_config[_viz_0].x = -0.032219455726243365
_viz_config[_viz_0].y = 0.5861900604653456
_viz_config[_viz_0].max_value = 1000
_viz_config[_viz_0].min_value = -1000
_viz_config[_viz_0].height = 0.25276731489913673
_viz_1 = nengo_gui.components.HTMLView(arm)
_viz_config[_viz_1].label_visible = True
_viz_config[_viz_1].width = 0.16378244746600742
_viz_config[_viz_1].height = 0.21140939597315436
_viz_config[_viz_1].y = 0.5533700682719465
_viz_config[_viz_1].x = 0.7305177658207891
_viz_2 = nengo_gui.components.XYValue(error)
_viz_config[_viz_2].index_x = 0
_viz_config[_viz_2].index_y = 1
_viz_config[_viz_2].max_value = 1000
_viz_config[_viz_2].min_value = -1000
_viz_config[_viz_2].height = 0.18484288354898337
_viz_config[_viz_2].label_visible = True
_viz_config[_viz_2].width = 0.12360939431396786
_viz_config[_viz_2].y = 0.13300661172495284
_viz_config[_viz_2].x = 0.6328265784758019
_viz_ace_editor = nengo_gui.components.AceEditor()
_viz_net_graph = nengo_gui.components.NetGraph()
_viz_sim_control = nengo_gui.components.SimControl()
_viz_config[_viz_sim_control].kept_time = 4.0
_viz_config[_viz_sim_control].shown_time = 0.5
_viz_config[angles].pos=(0.39542762152651434, 0.7232764869563741)
_viz_config[angles].size=(0.04230027069291964, 0.04286446465389406)
_viz_config[arm].pos=(0.7311847207739463, 0.5582135643149002)
_viz_config[arm].size=(0.21702433948000566, 0.2222222222222222)
_viz_config[error].pos=(0.46901007917380083, 0.06534691045331202)
_viz_config[error].size=(0.1, 0.1)
_viz_config[jtrans].pos=(0.19816657368929091, 0.4671489871350731)
_viz_config[jtrans].size=(0.1, 0.1)
_viz_config[model].pos=(0.2043875140557203, 0.05503081212131666)
_viz_config[model].size=(0.8571428571428571, 0.8571428571428571)
_viz_config[model].expanded=True
_viz_config[model].has_layout=True
_viz_config[stim_target].pos=(-0.02927759152313528, 0.1977436396924274)
_viz_config[stim_target].size=(0.1, 0.1)