_viz_1 = nengo_gui.components.Value(parallel.slide)
_viz_config[_viz_1].synapse = 0.01
_viz_config[_viz_1].max_value = 0.5
_viz_config[_viz_1].min_value = -0.5
_viz_config[_viz_1].legend_labels = [u'label_0', u'label_1']
_viz_config[_viz_1].height = 0.16778523489932887
_viz_config[_viz_1].label_visible = True
_viz_config[_viz_1].width = 0.10626992561105207
_viz_config[_viz_1].show_legend = False
_viz_config[_viz_1].y = 0.6940255474996243
_viz_config[_viz_1].x = 0.709382185254096
_viz_2 = nengo_gui.components.Slider(bc.behave)
_viz_config[_viz_2].label_visible = True
_viz_config[_viz_2].width = 0.053135374023090216
_viz_config[_viz_2].x = 0.25323399245459427
_viz_config[_viz_2].y = 0.6749331211716685
_viz_config[_viz_2].max_value = 1
_viz_config[_viz_2].min_value = 0
_viz_config[_viz_2].height = 0.16778606498008755
_viz_ace_editor = nengo_gui.components.AceEditor()
_viz_net_graph = nengo_gui.components.NetGraph()
_viz_sim_control = nengo_gui.components.SimControl()
_viz_config[_viz_sim_control].kept_time = 4.0
_viz_config[_viz_sim_control].shown_time = 0.5
_viz_config[bc].pos=(0.4167833006245105, 0.7375031316859199)
_viz_config[bc].size=(0.06896551724137931, 0.06289308176100629)
_viz_config[bc].expanded=False
_viz_config[bc].has_layout=True
_viz_config[bc.behave].pos=(0.5, 0.5)
_viz_config[bc.behave].size=(0.3076923076923077, 0.2222222222222222)
_viz_config[botnet].pos=(0.1736753824747735, 0.08197455865035749)
_viz_config[botnet].size=(0.06896551724137931, 0.06289308176100629)
_viz_config[botnet].expanded=False
_viz_config[botnet].has_layout=False
_viz_config[model].pos=(-0.07752489331436707, 0.004592422502870175)
_viz_config[model].size=(1.0000000000000002, 1.0000000000000002)
_viz_config[model].expanded=True
_viz_config[model].has_layout=True
_viz_config[orient_lr].pos=(0.18999762449753296, 0.34929112908434484)
_viz_config[orient_lr].size=(0.06896551724137931, 0.06289308176100629)
_viz_config[orient_lr].expanded=False
_viz_config[orient_lr].has_layout=False
_viz_config[parallel].pos=(0.4977119766566541, 0.36026462394455044)
_viz_config[parallel].size=(0.08817675867752321, 0.11079779651244435)
_viz_config[parallel].expanded=False
_viz_config[parallel].has_layout=True
_viz_config[parallel.activation].pos=(0.2777777777777778, 0.11538461538461538)
_viz_config[parallel.activation].size=(0.08888888888888888, 0.05128205128205128)
_viz_config[parallel.slide].pos=(0.8333333333333334, 0.39743589743589747)
_viz_config[parallel.slide].size=(0.11111111111111112, 0.06410256410256411)
_viz_config[target].pos=(0.5272585700897299, 0.08015293229927604)
_viz_config[target].size=(0.06896551724137931, 0.06289308176100629)
_viz_config[target].expanded=False
_viz_config[target].has_layout=False